1000
394 356
731 543
698 874
937 85
27 342
36 948
867 73
803 352
800 117
554 249
108 697
37 500
306 423
836 593
790 294
501 574
964 490
948 534
449 441
580 850
126 738
742 102
884 973
668 146
175 458
838 895
601 152
14 802
568 785
416 75
547 638
607 75
27 518
264 638
665 366
987 133
9 813
333 760
141 854
438 15
286 289
839 948
232 206
465 552
879 809
122 215
407 215
450 773
745 464
212 455
384 674
833 945
772 449
906 285
649 674
6 632
510 703
189 234
506 816
373 988
401 626
808 685
369 73
590 916
468 907
465 777
72 47
545 135
92 411
159 143
867 774
256 971
401 85
379 923
109 750
251 450
834 945
231 58
669 833
564 135
527 764
930 530
493 226
459 354
79 567
807 201
781 857
738 942
39 790
773 143
216 330
486 485
277 92
471 488
565 10
987 66
105 398
993 243
578 108
541 880
860 323
642 116
432 326
993 795
166 189
865 18
289 329
448 124
771 87
359 321
918 144
840 476
328 518
69 394
308 74
965 344
98 484
41 399
625 55
443 597
111 253
674 257
654 65
397 345
678 225
130 665
344 416
671 440
129 712
490 340
593 405
914 919
166 491
677 16
724 242
486 203
277 530
746 452
742 710
225 317
495 888
642 660
592 602
261 251
436 501
376 256
759 598
354 453
714 867
807 275
810 753
839 83
844 937
638 121
100 570
446 261
611 367
395 857
898 427
726 38
302 989
331 829
101 165
773 690
401 39
341 244
579 242
753 310
733 811
81 310
63 392
916 490
177 40
80 156
173 773
713 515
90 876
217 959
382 190
901 70
183 682
149 151
247 348
765 999
644 988
12 738
679 439
708 120
778 410
99 453
574 572
897 362
159 987
765 176
132 820
936 691
611 439
497 497
955 758
535 560
657 515
496 789
326 427
95 487
16 655
877 626
757 917
530 197
107 828
826 30
485 173
912 477
455 276
197 490
691 226
350 175
348 207
110 654
500 110
400 636
836 215
687 821
809 403
951 794
892 344
723 398
989 338
191 750
244 725
414 184
68 849
915 612
74 625
973 70
705 94
602 536
280 991
299 780
225 90
970 82
702 882
347 539
838 987
291 766
734 927
884 502
337 513
110 726
113 49
80 971
900 987
464 315
804 928
603 765
610 375
62 170
736 593
973 838
589 405
810 23
641 51
534 558
627 69
735 519
512 913
814 441
297 437
762 644
835 322
523 834
583 624
677 692
36 413
62 62
839 841
285 428
48 762
433 930
725 551
86 353
620 879
742 564
801 266
647 821
766 488
1 566
349 4
669 218
992 696
540 132
787 651
495 611
955 595
131 407
31 756
462 700
863 891
171 175
23 259
579 945
790 845
352 434
836 566
648 705
406 131
197 99
20 389
968 415
971 134
394 671
755 195
396 900
64 148
503 235
156 723
239 201
649 315
84 310
145 537
925 586
569 351
697 872
304 8
804 204
737 378
606 418
951 494
387 876
718 244
80 768
716 559
779 142
253 80
569 214
292 894
167 400
406 707
467 815
257 985
75 772
88 391
730 580
248 504
374 863
467 661
608 955
212 949
672 632
126 70
959 406
830 146
650 505
24 266
352 936
456 696
268 277
991 842
717 274
800 329
895 740
427 815
581 435
891 146
235 587
685 617
125 943
884 403
437 796
46 676
620 722
341 707
445 424
971 320
910 334
915 302
32 465
139 215
259 963
525 775
463 296
180 243
724 512
480 783
511 42
859 226
179 784
635 505
162 162
47 581
310 188
47 800
831 51
378 818
59 869
297 133
150 694
801 73
7 642
895 241
43 231
988 163
613 403
883 321
927 577
238 616
401 884
328 506
314 979
16 101
100 947
872 489
256 652
745 774
547 334
258 228
209 128
848 439
77 950
240 590
220 955
982 695
640 255
970 574
262 309
476 246
791 623
2 116
444 909
704 137
561 418
842 294
752 732
341 706
4 905
402 673
808 77
729 979
610 625
444 836
790 516
965 585
951 31
382 96
484 721
949 37
930 562
484 702
419 139
50 881
356 700
206 985
224 215
930 662
941 854
791 56
581 905
81 246
375 209
117 386
592 366
973 563
207 92
286 974
513 91
557 939
581 474
396 577
709 732
179 967
968 8
427 386
734 279
581 760
655 640
326 514
728 931
6 819
171 168
688 922
811 195
371 767
610 138
77 451
994 437
390 260
139 227
356 396
174 980
564 908
383 147
344 417
873 775
249 781
761 684
43 817
433 209
697 696
381 370
714 815
70 964
768 543
506 372
393 328
459 488
525 286
128 469
359 322
485 879
676 664
369 768
845 955
544 256
632 86
84 111
953 761
563 571
198 960
385 662
237 2
140 785
405 131
911 345
666 121
431 413
301 437
933 105
891 48
370 58
776 284
323 490
716 158
28 224
614 801
67 650
231 90
874 114
424 245
293 910
601 317
324 84
163 688
940 302
363 92
107 269
603 895
527 269
157 531
996 899
395 342
291 156
973 205
764 781
11 159
498 681
560 700
643 131
598 375
401 702
469 713
584 751
621 144
321 334
116 394
194 402
852 198
430 338
681 90
579 599
443 120
995 161
163 417
491 888
48 12
609 399
945 141
768 120
923 533
350 66
326 461
298 40
465 920
44 698
385 811
438 882
469 804
820 786
691 571
351 406
437 25
431 56
754 205
719 351
962 65
823 714
532 917
128 749
985 466
580 948
836 860
55 495
30 371
586 981
74 999
145 185
191 921
762 805
842 375
243 333
935 841
911 161
501 85
841 180
456 183
325 427
695 831
907 768
684 470
533 338
181 410
141 663
54 472
636 242
1 784
374 84
429 624
419 45
966 914
82 44
654 609
528 464
904 815
336 920
205 961
189 111
674 948
280 696
813 720
651 671
34 391
240 733
154 200
333 951
346 17
834 441
272 806
357 811
860 217
958 173
602 523
815 838
76 167
22 354
228 364
139 567
763 458
840 308
812 221
92 97
730 419
144 968
383 832
96 543
575 933
232 300
483 804
164 476
227 787
105 577
5 101
294 473
916 924
529 200
226 105
115 937
943 722
482 446
502 940
178 473
178 560
117 720
947 864
192 325
373 414
994 179
38 756
411 609
29 615
304 932
994 414
91 918
554 601
658 70
794 393
842 734
955 272
273 856
500 753
86 116
117 100
42 75
238 940
75 838
82 817
388 689
282 475
309 520
872 464
435 535
989 973
5 807
885 396
720 929
460 106
969 308
456 740
461 512
428 344
543 264
624 610
846 732
806 174
958 656
613 840
415 355
397 654
451 435
233 399
387 536
211 126
1000 399
90 920
865 264
390 248
363 466
439 653
399 927
381 231
577 886
894 764
17 948
254 444
750 511
677 431
730 578
469 420
462 41
830 726
797 892
417 383
470 543
903 539
359 850
917 910
892 17
573 360
950 342
567 570
546 932
213 830
832 771
164 744
962 545
927 70
632 627
935 366
869 600
354 612
845 64
961 33
329 310
525 132
135 726
867 304
816 592
634 667
781 237
746 835
228 141
523 45
992 407
938 943
883 188
786 165
57 122
437 237
573 262
34 23
420 844
90 554
236 24
969 659
539 979
610 517
576 5
653 985
238 688
13 621
468 371
207 810
899 517
988 462
310 39
634 993
472 255
510 444
101 150
707 697
408 174
416 46
65 436
898 324
794 157
455 194
662 924
474 797
678 15
303 696
939 287
898 444
5 516
484 541
788 885
953 759
92 81
996 667
41 758
621 819
183 564
465 834
992 14
361 368
292 607
410 912
836 751
26 581
993 855
987 800
496 452
695 366
120 329
395 615
406 247
177 978
88 804
494 595
521 442
722 42
84 573
569 372
625 749
962 498
955 191
123 394
391 303
74 962
49 800
344 551
541 293
486 58
612 181
88 269
443 202
742 565
230 689
38 250
532 742
27 309
741 247
988 166
228 882
833 416
762 706
995 345
228 107
284 691
338 117
73 347
797 187
358 717
965 622
144 188
882 385
900 958
42 712
940 31
680 120
566 887
62 438
531 154
989 288
195 198
847 569
89 361
557 1000
579 534
519 683
698 793
519 843
586 355
210 963
573 463
808 932
499 268
866 942
361 807
473 665
605 240
484 770
451 58
376 343
608 897
325 710
230 142
852 745
28 86
394 708
89 121
312 289
24 772
861 679
141 669
959 592
363 666
323 158
720 334
287 420
643 501
731 857
149 843
906 726
496 1000
389 446
646 776
181 1
171 66
144 160
55 978
641 154
207 61
860 218
405 893
347 590
561 456
802 31
286 420
721 774
490 669
194 263
50 883
895 482
350 409
870 958
685 225
716 362
987 839
400 365
67 180
721 46
414 876
266 991
850 155
619 686
952 807
908 457
489 305
183 483
422 104
602 649
942 768
820 961
217 281
744 754
510 356
89 246
774 714
89 92
316 242
879 759
98 796
350 580
238 716
522 726
788 118
407 776
737 781
920 974
221 709
641 743
734 38
214 134
388 693
686 14
30 836
519 253
843 320
524 852
698 379
726 347
601 630
968 899
