100
611 189
163 842
646 615
170 763
69 381
924 478
262 665
122 770
910 406
560 736
406 189
376 157
880 513
486 930
811 408
229 881
857 131
179 883
596 875
962 466
777 136
543 201
421 591
380 280
757 443
770 818
981 745
505 102
989 965
797 987
301 592
725 922
110 851
176 346
55 427
660 772
556 807
694 701
245 916
362 867
661 59
91 851
156 454
826 707
859 79
444 242
265 477
804 706
907 9
988 311
762 612
145 118
779 341
100 702
463 944
490 897
201 418
732 534
498 897
910 262
767 497
961 19
464 94
492 426
401 733
643 616
922 643
305 152
39 486
813 937
551 262
939 102
327 163
33 637
738 175
876 10
756 109
43 535
124 207
530 468
504 689
393 706
580 428
971 679
710 709
427 398
733 857
355 394
549 865
217 569
979 16
678 676
529 407
768 58
966 14
17 799
415 672
971 625
311 195
261 69
