300
336 485
435 914
669 40
220 395
24 35
500 251
503 106
415 193
416 861
962 371
756 986
446 103
126 766
326 261
630 830
965 696
281 103
274 366
979 871
706 529
810 592
506 969
660 686
423 330
659 335
621 308
482 239
229 206
689 390
340 566
515 894
833 907
67 25
923 876
559 949
73 303
129 569
865 772
173 330
512 850
71 994
496 367
478 758
423 519
184 561
508 520
285 274
615 824
42 187
783 835
808 317
218 939
678 332
640 941
322 808
364 592
15 299
78 155
824 166
83 523
146 706
159 432
894 385
767 267
333 119
228 510
176 755
952 817
874 639
800 838
149 430
949 661
647 714
495 192
122 651
818 215
889 846
815 509
584 411
398 883
783 801
838 504
594 564
879 647
833 624
857 520
11 780
980 455
797 826
558 609
82 398
276 868
459 530
18 776
840 381
828 562
234 48
433 561
599 796
723 23
828 995
213 219
591 632
63 97
547 462
850 26
742 572
96 555
545 590
455 56
564 284
617 848
476 97
607 140
406 670
322 755
533 759
794 757
78 316
94 290
879 997
16 156
911 554
787 78
505 113
838 556
848 854
659 538
136 421
855 441
431 953
329 257
512 786
356 145
576 255
179 790
499 116
239 631
873 444
226 291
900 871
356 223
281 605
635 201
204 447
304 372
111 567
929 753
366 551
703 542
619 38
121 552
470 595
480 143
251 765
636 67
644 949
357 934
535 836
683 141
342 877
523 745
529 243
234 640
803 580
114 425
106 339
85 281
951 526
600 560
295 244
662 215
821 965
559 236
967 866
652 295
331 692
976 268
495 938
821 927
86 269
48 225
748 355
751 370
940 16
593 932
407 953
969 623
961 568
691 194
827 969
109 363
464 163
263 853
750 12
303 860
93 872
516 18
695 866
112 780
914 707
466 412
59 873
563 801
268 342
92 727
506 314
28 928
469 944
259 684
354 23
608 705
484 282
419 760
201 583
955 108
477 213
990 9
424 861
653 595
768 391
100 33
31 191
570 935
165 815
405 66
228 582
741 191
965 514
964 698
970 958
171 843
670 166
251 757
464 12
168 4
910 835
897 591
283 938
203 245
82 31
669 464
584 569
453 707
800 810
998 505
228 732
726 153
33 672
992 99
473 91
1 996
786 764
501 305
454 73
45 675
872 610
61 531
49 136
591 117
649 148
956 132
258 819
285 224
972 266
860 663
869 952
113 369
630 109
172 399
801 423
410 890
644 632
81 899
237 846
35 749
251 521
23 700
794 549
761 327
601 525
99 276
529 427
795 993
849 178
44 721
742 231
616 253
44 933
287 750
368 119
310 669
620 680
83 572
609 711
876 117
869 831
74 573
480 6
177 830
