500
81 50
588 649
807 766
39 935
120 853
67 533
584 861
397 560
398 349
602 822
1000 681
473 344
466 410
511 722
653 5
886 669
220 475
623 382
797 71
283 202
356 339
358 457
896 6
98 292
485 115
927 264
820 397
556 501
129 471
427 410
225 557
380 198
307 618
456 510
404 72
629 161
370 306
259 530
853 197
16 755
10 973
96 952
296 98
246 481
658 502
991 93
501 342
316 868
526 858
467 774
498 174
813 297
571 321
6 670
707 163
391 527
951 795
345 95
582 314
363 772
838 939
603 184
607 620
609 50
697 622
136 942
300 504
871 912
737 385
293 228
873 134
288 371
863 244
156 883
967 614
349 48
537 3
205 124
13 588
556 637
176 180
977 634
268 522
801 125
813 569
549 504
509 609
527 435
219 754
445 358
770 734
516 59
720 966
785 933
897 846
583 751
924 758
999 780
210 509
459 133
128 754
65 728
288 406
216 905
456 366
329 854
512 704
452 605
501 196
377 298
722 83
388 518
610 394
175 961
882 415
688 671
241 340
456 760
111 952
417 171
465 276
465 440
745 869
26 945
468 803
174 985
257 306
431 897
883 622
671 228
693 349
140 366
539 609
682 113
342 379
365 674
65 823
91 382
620 271
265 484
483 908
762 656
404 954
845 296
780 73
129 809
463 6
963 748
80 172
23 998
904 222
371 858
355 575
958 450
90 505
777 203
634 160
432 998
861 54
482 830
221 202
291 658
119 593
708 471
723 369
944 584
29 997
838 579
387 24
884 937
254 72
440 341
989 349
890 374
515 707
81 991
410 655
227 411
685 942
444 208
150 121
83 254
33 570
616 772
252 981
531 66
465 268
238 798
598 38
51 805
576 64
791 758
738 844
550 315
917 56
599 925
964 264
175 264
473 646
347 460
588 147
245 1
584 864
92 158
838 921
242 721
264 46
740 730
566 48
264 1
606 975
654 582
587 450
229 62
589 793
674 855
560 111
461 950
93 306
682 92
143 265
404 308
831 614
964 104
407 952
362 635
906 296
250 884
242 134
890 985
60 898
890 542
342 104
674 275
909 388
321 628
615 890
408 194
729 616
982 49
301 972
471 827
444 880
419 678
888 343
674 712
575 464
821 993
726 968
121 575
204 457
661 450
6 292
862 967
153 469
80 827
96 243
140 722
220 761
797 704
511 733
738 678
225 580
551 531
786 439
382 3
558 735
413 831
393 667
444 735
866 176
94 380
106 846
919 798
529 496
475 237
670 647
147 952
829 557
815 257
481 94
834 689
443 510
284 791
250 629
397 208
141 440
453 757
298 970
731 21
313 290
22 164
768 652
702 874
236 287
557 1000
823 933
492 333
979 933
395 913
1 517
192 338
231 192
212 829
806 832
455 581
846 324
153 152
576 553
68 188
254 381
650 172
848 298
846 499
884 59
802 233
451 499
971 544
634 251
536 514
963 936
543 166
74 164
543 750
692 569
157 184
652 459
799 190
800 609
284 957
504 175
9 170
463 834
541 981
524 927
279 236
370 782
398 186
323 512
38 423
191 763
80 816
545 909
321 546
72 921
474 875
241 156
503 918
181 369
858 708
828 415
585 96
507 951
594 789
850 118
480 420
852 444
3 949
190 546
691 763
564 823
237 286
560 80
234 952
5 385
817 806
2 502
698 92
247 482
110 558
578 49
858 464
502 478
420 42
619 518
381 891
119 389
800 850
526 299
267 530
977 299
243 281
629 302
113 905
778 362
783 129
67 17
932 843
719 187
569 652
566 367
422 242
295 196
24 423
933 51
938 708
136 537
133 51
711 35
567 165
573 784
59 172
305 78
972 387
574 480
775 956
256 26
991 331
408 961
509 430
151 806
821 179
585 344
909 875
94 549
174 4
62 453
786 422
875 523
136 107
968 137
275 851
626 807
532 808
208 313
20 764
21 535
307 722
105 448
678 746
441 44
373 526
90 507
294 503
41 762
230 913
358 651
331 802
726 986
311 61
10 300
494 423
231 226
275 227
890 308
85 915
97 536
560 131
84 961
452 112
139 121
377 295
273 20
33 648
188 807
90 950
937 211
691 35
984 284
861 603
663 443
872 708
303 860
580 845
481 169
841 544
648 919
161 969
697 347
797 660
489 151
170 986
605 110
684 606
685 697
229 68
768 520
496 562
655 583
325 140
851 466
322 640
210 575
798 354
636 709
363 888
234 41
911 645
210 638
305 547
940 516
587 874
848 903
378 551
676 346
139 542
752 274
351 873
420 143
477 817
